1, 1.575231, 9.602448, 499, 7.647536, 12.361024
6, 58.604073, 60.264153, 686, 66.015755, 60.117672
13, 33.364746, 43.872471, 50, 39.130695, 44.313431
15, 54.523922, 38.512951, 787, 54.674561, 41.955147
21, 51.355766, 38.267494, 787, 54.674561, 41.955147
43, 34.120647, 31.350773, 203, 38.427677, 31.470758
50, 39.130695, 44.313431, 503, 44.016918, 45.933235
60, 2.941648, 3.801226, 1, 1.575231, 9.602448
61, 71.145195, 57.928619, 40, 69.624123, 60.734467
63, 52.458858, 48.192738, 319, 55.729763, 50.537025
73, 12.851335, 19.586246, 287, 17.688442, 20.693382
75, 74.648819, 57.509045, 40, 69.624123, 60.734467
84, 25.572273, 18.034355, 816, 25.614878, 23.676704
87, 34.095123, 40.237507, 742, 40.154022, 44.028076
98, 2.891809, 10.626172, 499, 7.647536, 12.361024
100, 32.341900, 44.510323, 50, 39.130695, 44.313431
107, 8.507851, 7.353449, 499, 7.647536, 12.361024
124, 33.349369, 47.636837, 50, 39.130695, 44.313431
137, 39.111649, 50.376453, 503, 44.016918, 45.933235
166, 25.521229, 24.681101, 820, 30.102694, 26.397148
167, 50.987164, 36.945221, 787, 54.674561, 41.955147
172, 8.147347, 9.797792, 499, 7.647536, 12.361024
181, 69.907005, 58.944084, 40, 69.624123, 60.734467
184, 36.582272, 45.698792, 50, 39.130695, 44.313431
188, 67.785301, 56.216511, 40, 69.624123, 60.734467
198, 13.594365, 14.282413, 645, 15.519206, 16.406778
203, 38.427677, 31.470758, 326, 42.777229, 37.837631
210, 39.373211, 23.970009, 203, 38.427677, 31.470758
219, 34.314606, 28.545605, 203, 38.427677, 31.470758
221, 61.247326, 64.251968, 686, 66.015755, 60.117672
231, 1.544766, 2.476344, 1, 1.575231, 9.602448
234, 10.845808, 10.781226, 395, 12.558427, 14.353310
240, 31.090826, 29.801979, 203, 38.427677, 31.470758
243, 68.311188, 65.608849, 40, 69.624123, 60.734467
256, 21.468517, 31.609619, 810, 27.660578, 32.406101
261, 70.431229, 51.453442, 188, 67.785301, 56.216511
265, 24.143270, 18.119188, 816, 25.614878, 23.676704
266, 2.578416, 9.726367, 499, 7.647536, 12.361024
268, 1.486280, 1.017586, 1, 1.575231, 9.602448
272, 62.221092, 67.020691, 686, 66.015755, 60.117672
274, 30.992809, 22.026611, 820, 30.102694, 26.397148
284, 66.205544, 50.464989, 188, 67.785301, 56.216511
287, 17.688442, 20.693382, 902, 19.346842, 21.823227
293, 11.512959, 16.643782, 501, 13.074517, 17.504574
296, 28.600365, 39.576637, 87, 34.095123, 40.237507
297, 59.902390, 39.626415, 969, 57.353439, 44.387230
299, 24.478451, 23.767300, 820, 30.102694, 26.397148
304, 39.182522, 31.240959, 326, 42.777229, 37.837631
308, 50.776867, 48.934254, 319, 55.729763, 50.537025
309, 32.502190, 44.467525, 50, 39.130695, 44.313431
313, 53.868084, 54.079018, 480, 60.339741, 54.016209
319, 55.729763, 50.537025, 480, 60.339741, 54.016209
326, 42.777229, 37.837631, 667, 45.521004, 41.644981
333, 31.313459, 47.647179, 87, 34.095123, 40.237507
334, 60.735275, 51.559059, 381, 64.945290, 55.483906
335, 37.873840, 48.009464, 503, 44.016918, 45.933235
337, 5.701349, 17.601757, 499, 7.647536, 12.361024
344, 2.998156, 14.002350, 499, 7.647536, 12.361024
345, 71.153397, 58.305351, 40, 69.624123, 60.734467
346, 21.403833, 19.500006, 816, 25.614878, 23.676704
351, 4.004265, 15.011602, 499, 7.647536, 12.361024
354, 26.699020, 31.233377, 865, 30.743481, 35.029552
356, 60.737782, 39.705620, 969, 57.353439, 44.387230
363, 48.172318, 55.844006, 758, 50.208736, 49.717964
364, 7.509650, 6.681476, 499, 7.647536, 12.361024
371, 73.291473, 53.506134, 181, 69.907005, 58.944084
379, 6.693040, 14.767194, 395, 12.558427, 14.353310
381, 64.945290, 55.483906, 40, 69.624123, 60.734467
385, 21.762663, 16.367062, 900, 21.975540, 20.876982
386, 3.784130, 7.848961, 1, 1.575231, 9.602448
388, 37.338223, 44.626530, 503, 44.016918, 45.933235
395, 12.558427, 14.353310, 645, 15.519206, 16.406778
400, 62.381096, 51.827171, 381, 64.945290, 55.483906
403, 60.613174, 42.837303, 544, 61.415558, 48.722843
404, 48.534557, 36.829113, 737, 47.126434, 40.066071
417, 21.789122, 16.699118, 900, 21.975540, 20.876982
433, 24.156925, 33.005878, 865, 30.743481, 35.029552
435, 12.673868, 12.018897, 645, 15.519206, 16.406778
450, 48.132263, 44.109360, 63, 52.458858, 48.192738
451, 44.117580, 32.670052, 326, 42.777229, 37.837631
453, 57.877838, 49.455631, 930, 60.823208, 51.797813
455, 71.480705, 66.464134, 40, 69.624123, 60.734467
466, 0.901511, 10.998665, 499, 7.647536, 12.361024
469, 21.804970, 12.978356, 575, 19.116055, 19.082941
479, 74.296234, 54.298737, 40, 69.624123, 60.734467
480, 60.339741, 54.016209, 381, 64.945290, 55.483906
484, 75.703949, 63.121845, 40, 69.624123, 60.734467
489, 32.075706, 23.124317, 219, 34.314606, 28.545605
499, 7.647536, 12.361024, 395, 12.558427, 14.353310
501, 13.074517, 17.504574, 287, 17.688442, 20.693382
503, 44.016918, 45.933235, 747, 48.998676, 47.688015
504, 60.500183, 60.606369, 686, 66.015755, 60.117672
506, 59.904415, 40.194508, 969, 57.353439, 44.387230
521, 41.368008, 29.653242, 203, 38.427677, 31.470758
523, 47.718079, 54.969635, 758, 50.208736, 49.717964
531, 41.297039, 23.630787, 744, 37.880608, 30.478416
537, 0.493932, 5.383835, 1, 1.575231, 9.602448
541, 14.263278, 14.720505, 575, 19.116055, 19.082941
542, 32.041073, 30.486206, 203, 38.427677, 31.470758
544, 61.415558, 48.722843, 400, 62.381096, 51.827171
564, 59.381260, 38.599983, 969, 57.353439, 44.387230
575, 19.116055, 19.082941, 900, 21.975540, 20.876982
579, 62.540417, 42.605011, 778, 60.737106, 46.876583
580, 20.667351, 30.021816, 354, 26.699020, 31.233377
587, 65.322075, 48.854050, 381, 64.945290, 55.483906
594, 72.074547, 58.018036, 40, 69.624123, 60.734467
595, 46.385002, 43.539108, 63, 52.458858, 48.192738
597, 0.714197, 5.421301, 1, 1.575231, 9.602448
598, 19.348585, 25.969563, 166, 25.521229, 24.681101
603, 13.728307, 12.921913, 645, 15.519206, 16.406778
620, 76.702179, 60.134640, 40, 69.624123, 60.734467
643, 27.397034, 40.017342, 87, 34.095123, 40.237507
645, 15.519206, 16.406778, 575, 19.116055, 19.082941
649, 42.524651, 37.854694, 667, 45.521004, 41.644981
656, 54.276890, 55.508812, 480, 60.339741, 54.016209
667, 45.521004, 41.644981, 450, 48.132263, 44.109360
671, 13.001752, 20.104534, 902, 19.346842, 21.823227
686, 66.015755, 60.117672, 40, 69.624123, 60.734467
689, 30.958435, 21.925724, 820, 30.102694, 26.397148
694, 55.905960, 41.504246, 969, 57.353439, 44.387230
695, 57.033237, 59.466656, 480, 60.339741, 54.016209
700, 59.535873, 61.384178, 686, 66.015755, 60.117672
714, 14.431119, 21.464096, 902, 19.346842, 21.823227
716, 53.213654, 38.761429, 787, 54.674561, 41.955147
721, 16.285337, 19.240631, 902, 19.346842, 21.823227
737, 47.126434, 40.066071, 450, 48.132263, 44.109360
738, 46.050404, 37.293785, 450, 48.132263, 44.109360
742, 40.154022, 44.028076, 503, 44.016918, 45.933235
744, 37.880608, 30.478416, 203, 38.427677, 31.470758
746, 19.306404, 10.101181, 645, 15.519206, 16.406778
747, 48.998676, 47.688015, 319, 55.729763, 50.537025
755, 65.242691, 50.266235, 188, 67.785301, 56.216511
758, 50.208736, 49.717964, 319, 55.729763, 50.537025
763, 42.699825, 27.367594, 203, 38.427677, 31.470758
765, 51.042637, 34.815189, 787, 54.674561, 41.955147
778, 60.737106, 46.876583, 400, 62.381096, 51.827171
782, 40.811066, 48.864574, 503, 44.016918, 45.933235
784, 42.570965, 53.006611, 758, 50.208736, 49.717964
787, 54.674561, 41.955147, 969, 57.353439, 44.387230
788, 12.709913, 11.079765, 395, 12.558427, 14.353310
790, 28.945717, 24.930458, 219, 34.314606, 28.545605
791, 67.681625, 50.917839, 188, 67.785301, 56.216511
793, 49.921509, 50.983002, 319, 55.729763, 50.537025
800, 64.653099, 46.936398, 400, 62.381096, 51.827171
806, 16.400328, 12.657631, 645, 15.519206, 16.406778
809, 15.760323, 18.638842, 900, 21.975540, 20.876982
810, 27.660578, 32.406101, 865, 30.743481, 35.029552
812, 0.590433, 14.453686, 499, 7.647536, 12.361024
814, 67.011780, 48.227959, 400, 62.381096, 51.827171
816, 25.614878, 23.676704, 820, 30.102694, 26.397148
817, 61.917267, 45.086323, 400, 62.381096, 51.827171
819, 49.217125, 32.425480, 737, 47.126434, 40.066071
820, 30.102694, 26.397148, 219, 34.314606, 28.545605
824, 55.221939, 58.023251, 480, 60.339741, 54.016209
826, 25.854889, 26.397066, 895, 31.418083, 28.918369
829, 71.853424, 51.982655, 181, 69.907005, 58.944084
833, 46.235538, 43.992741, 63, 52.458858, 48.192738
834, 28.759735, 28.428911, 895, 31.418083, 28.918369
841, 57.410301, 58.603115, 480, 60.339741, 54.016209
843, 37.403862, 39.248825, 742, 40.154022, 44.028076
844, 75.461517, 60.529011, 40, 69.624123, 60.734467
849, 3.984750, 14.179575, 499, 7.647536, 12.361024
863, 38.987785, 27.736799, 203, 38.427677, 31.470758
865, 30.743481, 35.029552, 87, 34.095123, 40.237507
870, 36.729706, 30.498367, 203, 38.427677, 31.470758
884, 31.160618, 34.268589, 843, 37.403862, 39.248825
895, 31.418083, 28.918369, 203, 38.427677, 31.470758
900, 21.975540, 20.876982, 816, 25.614878, 23.676704
902, 19.346842, 21.823227, 299, 24.478451, 23.767300
903, 9.460005, 9.964230, 395, 12.558427, 14.353310
917, 7.447033, 11.153312, 499, 7.647536, 12.361024
922, 23.789516, 34.272224, 865, 30.743481, 35.029552
930, 60.823208, 51.797813, 381, 64.945290, 55.483906
934, 25.304129, 38.206451, 865, 30.743481, 35.029552
943, 63.160107, 49.115555, 381, 64.945290, 55.483906
944, 37.818821, 44.659645, 503, 44.016918, 45.933235
953, 9.169949, 18.132626, 501, 13.074517, 17.504574
956, 52.057938, 38.803806, 787, 54.674561, 41.955147
960, 63.480263, 41.748524, 778, 60.737106, 46.876583
969, 57.353439, 44.387230, 544, 61.415558, 48.722843
973, 23.855286, 24.651033, 820, 30.102694, 26.397148
976, 47.641418, 39.560917, 450, 48.132263, 44.109360
977, 10.999719, 22.452456, 809, 15.760323, 18.638842
978, 43.543171, 27.002466, 203, 38.427677, 31.470758
983, 58.820889, 59.633583, 686, 66.015755, 60.117672
988, 60.062397, 39.839642, 969, 57.353439, 44.387230
1000, 69.378990, 60.534359, 40, 69.624123, 60.734467
